///24.05.2017 20:58:34///
0884,01:44:21:315,0309,3069
0798,01:44:21:320,0309,3069
0717,01:44:21:325,0309,3069
0640,01:44:21:330,0309,3069
0568,01:44:21:335,0309,3069
0506,01:44:21:340,0309,3069
0460,01:44:21:345,0309,3069
0412,01:44:21:350,0309,3069
0377,01:44:21:355,0309,3069
0356,01:44:21:360,0309,3069
0338,01:44:21:365,0309,3069
0334,01:44:21:370,0309,3069
0317,01:44:21:375,0309,3069
0314,01:44:21:380,0309,3069
0319,01:44:21:385,0309,3069
0320,01:44:21:390,0309,3069
0325,01:44:21:395,0309,3069
0341,01:44:21:400,0309,3069
0356,01:44:21:405,0309,3069
0370,01:44:21:410,0309,3069
0384,01:44:21:415,0309,3069
0403,01:44:21:420,0309,3069
0430,01:44:21:425,0309,3069
0449,01:44:21:430,0309,3069
0475,01:44:21:435,0309,3069
0506,01:44:21:440,0309,3069
0540,01:44:21:445,0309,3069
0566,01:44:21:450,0309,3069
0606,01:44:21:455,0309,3069
0645,01:44:21:460,0309,3069
0687,01:44:21:465,0309,3069
0727,01:44:21:470,0309,3069
0768,01:44:21:475,0309,3069
0807,01:44:21:480,0309,3069
0857,01:44:21:485,0309,3069
0897,01:44:21:490,0309,3069
0942,01:44:21:495,0309,3069
0983,01:44:21:500,0309,3069
1021,01:44:21:505,0309,3069
1058,01:44:21:510,0309,3069
1091,01:44:21:515,0309,3069
1133,01:44:21:520,0309,3069
1161,01:44:21:525,0309,3069
1180,01:44:21:530,0309,3069
1186,01:44:21:535,0309,3069
1193,01:44:21:540,0309,3069
1183,01:44:21:545,0309,3069
1165,01:44:21:550,0309,3069
1141,01:44:21:555,0309,3069
1109,01:44:21:560,0309,3069
1075,01:44:21:565,0309,3069
1031,01:44:21:570,0309,3069
0980,01:44:21:575,0309,3069
0928,01:44:21:580,0309,3069
0870,01:44:21:585,0309,3069
0797,01:44:21:590,0309,3069
0730,01:44:21:595,0309,3069
0654,01:44:21:600,0309,3069
0576,01:44:21:605,0309,3069
0495,01:44:21:610,0309,3069
0413,01:44:21:615,0309,3069
0340,01:44:21:620,0309,3069
0265,01:44:21:625,0309,3069
0193,01:44:21:630,0309,3069
0130,01:44:21:635,0309,3069
0078,01:44:21:640,0309,3069
0033,01:44:21:645,0309,3069
0006,01:44:21:650,0309,3069
0002,01:44:21:655,0309,3069
0003,01:44:21:660,0309,3069
0006,01:44:21:665,0309,3069
0004,01:44:21:670,0309,3069
0003,01:44:21:675,0309,3069
0004,01:44:21:680,0309,3069
0003,01:44:21:685,0309,3069
0002,01:44:21:690,0309,3069
0032,01:44:21:695,0309,3069
0083,01:44:21:700,0309,3069
0104,01:44:21:705,0309,3069
0203,01:44:21:710,0309,3069
0276,01:44:21:715,0309,3069
0357,01:44:21:720,0309,3069
0448,01:44:21:725,0309,3069
0541,01:44:21:730,0309,3069
0643,01:44:21:735,0309,3069
0752,01:44:21:740,0309,3069
0863,01:44:21:745,0309,3069
0966,01:44:21:750,0309,3069
1075,01:44:21:755,0309,3069
1183,01:44:21:760,0309,3069
1286,01:44:21:765,0309,3069
1375,01:44:21:770,0309,3069
1460,01:44:21:775,0309,3069
1543,01:44:21:780,0309,3069
1625,01:44:21:785,0309,3069
1685,01:44:21:790,0309,3069
1741,01:44:21:795,0309,3069
1794,01:44:21:800,0309,3069
1833,01:44:21:805,0309,3069
1851,01:44:21:810,0309,3069
1877,01:44:21:815,0309,3069
1892,01:44:21:820,0309,3069
1899,01:44:21:825,0309,3069
1898,01:44:21:830,0309,3069
1897,01:44:21:835,0309,3069
1910,01:44:21:840,0309,3069
1905,01:44:21:845,0309,3069
1900,01:44:21:850,0309,3069
1912,01:44:21:855,0309,3069
1928,01:44:21:860,0309,3069
1948,01:44:21:865,0309,3069
1960,01:44:21:870,0309,3069
1979,01:44:21:875,0309,3069
2000,01:44:21:880,0309,3069
2022,01:44:21:885,0309,3069
2033,01:44:21:890,0309,3069
2050,01:44:21:895,0309,3069
2071,01:44:21:900,0309,3069
2085,01:44:21:905,0309,3069
2094,01:44:21:910,0309,3069
2103,01:44:21:915,0309,3069
2104,01:44:21:920,0309,3069
2104,01:44:21:925,0309,3069
2092,01:44:21:930,0309,3069
2072,01:44:21:935,0309,3069
2054,01:44:21:940,0309,3069
2029,01:44:21:945,0309,3069
1994,01:44:21:950,0309,3069
1959,01:44:21:955,0309,3069
1918,01:44:21:960,0309,3069
1874,01:44:21:965,0309,3069
1827,01:44:21:970,0309,3069
1778,01:44:21:975,0309,3069
1731,01:44:21:980,0309,3069
1679,01:44:21:985,0309,3069
1618,01:44:21:990,0309,3069
1560,01:44:21:995,0309,3069
1503,01:44:22:000,0309,3069
1448,01:44:22:005,0309,3069
1385,01:44:22:010,0309,3069
1326,01:44:22:015,0309,3069
1278,01:44:22:020,0309,3069
1224,01:44:22:025,0309,3069
1170,01:44:22:030,0309,3069
1124,01:44:22:035,0309,3069
1086,01:44:22:040,0309,3069
1050,01:44:22:045,0309,3069
1008,01:44:22:050,0309,3069
0981,01:44:22:055,0309,3069
0961,01:44:22:060,0309,3069
0942,01:44:22:065,0309,3069
0926,01:44:22:070,0309,3069
0914,01:44:22:075,0309,3069
0913,01:44:22:080,0309,3069
0917,01:44:22:085,0309,3069
0916,01:44:22:090,0309,3069
0926,01:44:22:095,0309,3069
0942,01:44:22:100,0309,3069
0961,01:44:22:105,0309,3069
0975,01:44:22:110,0309,3069
0993,01:44:22:115,0309,3069
1017,01:44:22:120,0309,3069
1046,01:44:22:125,0309,3069
1066,01:44:22:130,0309,3069
1093,01:44:22:135,0309,3069
1124,01:44:22:140,0309,3069
1161,01:44:22:145,0309,3069
1199,01:44:22:150,0309,3069
1241,01:44:22:155,0309,3069
1290,01:44:22:160,0309,3069
1351,01:44:22:165,0309,3069
1403,01:44:22:170,0309,3069
1459,01:44:22:175,0309,3069
1519,01:44:22:180,0309,3069
1577,01:44:22:185,0309,3069
1625,01:44:22:190,0309,3069
1668,01:44:22:195,0309,3069
1724,01:44:22:200,0309,3069
1764,01:44:22:205,0309,3069
1795,01:44:22:210,0309,3069
1821,01:44:22:215,0309,3069
1844,01:44:22:220,0309,3069
1859,01:44:22:225,0309,3069
1855,01:44:22:230,0309,3069
1847,01:44:22:235,0309,3069
1834,01:44:22:240,0309,3069
1809,01:44:22:245,0309,3069
1773,01:44:22:250,0309,3069
1737,01:44:22:255,0309,3069
1692,01:44:22:260,0309,3069
1649,01:44:22:265,0309,3069
1590,01:44:22:270,0309,3069
1534,01:44:22:275,0309,3069
1486,01:44:22:280,0309,3069
1438,01:44:22:285,0309,3069
1373,01:44:22:290,0309,3069
1326,01:44:22:295,0309,3069
1264,01:44:22:300,0309,3069
1206,01:44:22:305,0309,3069
1145,01:44:22:310,0309,3069
1071,01:44:22:315,0309,3069
1033,01:44:22:320,0309,3069
0985,01:44:22:325,0309,3069
0933,01:44:22:330,0309,3069
0896,01:44:22:335,0309,3069
0859,01:44:22:340,0309,3069
0830,01:44:22:345,0309,3069
0802,01:44:22:350,0309,3069
0794,01:44:22:355,0309,3069
0769,01:44:22:360,0309,3069
0763,01:44:22:365,0309,3069
0756,01:44:22:370,0309,3069
0755,01:44:22:375,0309,3069
0761,01:44:22:380,0309,3069
0763,01:44:22:385,0309,3069
0763,01:44:22:390,0309,3069
0766,01:44:22:395,0309,3069
0769,01:44:22:400,0309,3069
0774,01:44:22:405,0309,3069
0776,01:44:22:410,0309,3069
0778,01:44:22:415,0309,3069
0787,01:44:22:420,0309,3069
0788,01:44:22:425,0309,3069
0784,01:44:22:430,0309,3069
0776,01:44:22:435,0309,3069
0788,01:44:22:440,0309,3069
0776,01:44:22:445,0309,3069
0746,01:44:22:450,0309,3069
0726,01:44:22:455,0309,3069
0704,01:44:22:460,0309,3069
0682,01:44:22:465,0309,3069
0651,01:44:22:470,0309,3069
0617,01:44:22:475,0309,3069
0577,01:44:22:480,0309,3069
0537,01:44:22:485,0309,3069
0493,01:44:22:490,0309,3069
0454,01:44:22:495,0309,3069
0414,01:44:22:500,0309,3069
0386,01:44:22:505,0309,3069
0352,01:44:22:510,0309,3069
0328,01:44:22:515,0309,3069
0318,01:44:22:520,0309,3069
0304,01:44:22:525,0309,3069
0298,01:44:22:530,0309,3069
0299,01:44:22:535,0309,3069
0306,01:44:22:540,0309,3069
0323,01:44:22:545,0309,3069
0335,01:44:22:550,0309,3069
0357,01:44:22:555,0309,3069
0377,01:44:22:560,0309,3069
0405,01:44:22:565,0309,3069
0440,01:44:22:570,0309,3069
0467,01:44:22:575,0309,3069
0506,01:44:22:580,0309,3069
0547,01:44:22:585,0309,3069
0585,01:44:22:590,0309,3069
0626,01:44:22:595,0309,3069
0677,01:44:22:600,0309,3069
0727,01:44:22:605,0309,3069
0769,01:44:22:610,0309,3069
0814,01:44:22:615,0309,3069
0855,01:44:22:620,0309,3069
0892,01:44:22:625,0309,3069
0925,01:44:22:630,0309,3069
0955,01:44:22:635,0309,3069
0975,01:44:22:640,0309,3069
0991,01:44:22:645,0309,3069
0999,01:44:22:650,0309,3069
0994,01:44:22:655,0309,3069
0991,01:44:22:660,0309,3069
0983,01:44:22:665,0309,3069
0962,01:44:22:670,0309,3069
0954,01:44:22:675,0309,3069
0937,01:44:22:680,0309,3069
0920,01:44:22:685,0309,3069
0901,01:44:22:690,0309,3069
0884,01:44:22:695,0309,3069
0872,01:44:22:700,0309,3069
0853,01:44:22:705,0309,3069
0850,01:44:22:710,0309,3069
0843,01:44:22:715,0309,3069
0840,01:44:22:720,0309,3069
0829,01:44:22:725,0309,3069
0818,01:44:22:730,0309,3069
0807,01:44:22:735,0309,3069
0792,01:44:22:740,0309,3069
0787,01:44:22:745,0309,3069
0774,01:44:22:750,0309,3069
0761,01:44:22:755,0309,3069
0759,01:44:22:760,0309,3069
0736,01:44:22:765,0309,3069
0732,01:44:22:770,0309,3069
0725,01:44:22:775,0309,3069
0729,01:44:22:780,0309,3069
0726,01:44:22:785,0309,3069
0738,01:44:22:790,0309,3069
0749,01:44:22:795,0309,3069
0762,01:44:22:800,0309,3069
0784,01:44:22:805,0309,3069
0807,01:44:22:810,0309,3069
0833,01:44:22:815,0309,3069
0859,01:44:22:820,0309,3069
0888,01:44:22:825,0309,3069
0911,01:44:22:830,0309,3069
0931,01:44:22:835,0309,3069
0952,01:44:22:840,0309,3069
0967,01:44:22:845,0309,3069
0974,01:44:22:850,0309,3069
0976,01:44:22:855,0309,3069
0973,01:44:22:860,0309,3069
0966,01:44:22:865,0309,3069
0951,01:44:22:870,0309,3069
0929,01:44:22:875,0309,3069
0896,01:44:22:880,0309,3069
0881,01:44:22:885,0309,3069
0844,01:44:22:890,0309,3069
0816,01:44:22:895,0309,3069
0794,01:44:22:900,0309,3069
0771,01:44:22:905,0309,3069
0754,01:44:22:910,0309,3069
0746,01:44:22:915,0309,3069
0743,01:44:22:920,0309,3069
0749,01:44:22:925,0309,3069
0758,01:44:22:930,0309,3069
0778,01:44:22:935,0309,3069
0802,01:44:22:940,0309,3069
0838,01:44:22:945,0309,3069
0907,01:44:22:950,0309,3069
0917,01:44:22:955,0309,3069
0967,01:44:22:960,0309,3069
1033,01:44:22:965,0309,3069
1083,01:44:22:970,0309,3069
1152,01:44:22:975,0309,3069
1222,01:44:22:980,0309,3069
1311,01:44:22:985,0309,3069
1390,01:44:22:990,0309,3069
1478,01:44:22:995,0309,3069
1573,01:44:23:000,0309,3069
1674,01:44:23:005,0309,3069
1775,01:44:23:010,0309,3069
1878,01:44:23:015,0309,3069
1977,01:44:23:020,0309,3069
2101,01:44:23:025,0309,3069
2206,01:44:23:030,0309,3069
2318,01:44:23:035,0309,3069
2420,01:44:23:040,0309,3069
2519,01:44:23:045,0309,2965
2609,01:44:23:050,0309,2965
2694,01:44:23:055,0309,2965
2772,01:44:23:060,0309,2965
2844,01:44:23:065,0309,2965
2913,01:44:23:070,0309,2965
2970,01:44:23:075,0309,2965
3031,01:44:23:080,0309,2965
3086,01:44:23:085,0309,2965
3125,01:44:23:090,0309,2965
3130,01:44:23:095,0309,2965
3134,01:44:23:100,0309,2965
3134,01:44:23:105,0309,2965
3132,01:44:23:110,0309,2965
3133,01:44:23:115,0309,2965
3131,01:44:23:120,0309,2965
3133,01:44:23:125,0309,2965
3130,01:44:23:130,0309,2965
3133,01:44:23:135,0309,2965
3132,01:44:23:140,0309,2965
3132,01:44:23:145,0309,2965
3132,01:44:23:150,0309,2965
3131,01:44:23:155,0309,2965
3129,01:44:23:160,0309,2965
3132,01:44:23:165,0309,2965
3133,01:44:23:170,0309,2965
3133,01:44:23:175,0309,2965
3132,01:44:23:180,0309,2965
3063,01:44:23:185,0309,2965
2976,01:44:23:190,0309,2965
2863,01:44:23:195,0309,2965
2778,01:44:23:200,0309,2965
2676,01:44:23:205,0309,2965
2564,01:44:23:210,0309,2965
2456,01:44:23:215,0309,2965
2347,01:44:23:220,0309,2965
2236,01:44:23:225,0309,2965
2123,01:44:23:230,0309,2965
2009,01:44:23:235,0309,2965
1909,01:44:23:240,0309,2965
1804,01:44:23:245,0309,2965
1698,01:44:23:250,0309,2965
1597,01:44:23:255,0309,2965
1509,01:44:23:260,0309,2965
1420,01:44:23:265,0309,2965
1335,01:44:23:270,0309,2965
1256,01:44:23:275,0309,2965
1185,01:44:23:280,0309,2965
1135,01:44:23:285,0309,2965
1069,01:44:23:290,0309,2965
1023,01:44:23:295,0309,2965
0992,01:44:23:300,0309,2965
0974,01:44:23:305,0309,2965
0958,01:44:23:310,0309,2965
0957,01:44:23:315,0309,2965
0965,01:44:23:320,0309,2965
0985,01:44:23:325,0309,2965
1009,01:44:23:330,0309,2965
1047,01:44:23:335,0309,2965
1085,01:44:23:340,0309,2965
1129,01:44:23:345,0309,2965
1170,01:44:23:350,0309,2965
1211,01:44:23:355,0309,2965
1264,01:44:23:360,0309,2965
1311,01:44:23:365,0309,2965
1355,01:44:23:370,0309,2965
1402,01:44:23:375,0309,2965
1448,01:44:23:380,0309,2965
1491,01:44:23:385,0309,2965
1524,01:44:23:390,0309,2965
1554,01:44:23:395,0309,2965
1585,01:44:23:400,0309,2965
1606,01:44:23:405,0309,2965
1623,01:44:23:410,0309,2965
1629,01:44:23:415,0309,2965
1634,01:44:23:420,0309,2965
1631,01:44:23:425,0309,2965
1623,01:44:23:430,0309,2965
1611,01:44:23:435,0309,2965
1592,01:44:23:440,0309,2965
1571,01:44:23:445,0309,2965
1549,01:44:23:450,0309,2965
1522,01:44:23:455,0309,2965
1497,01:44:23:460,0309,2965
1471,01:44:23:465,0309,2965
1441,01:44:23:470,0309,2965
1413,01:44:23:475,0309,2965
1386,01:44:23:480,0309,2965
1361,01:44:23:485,0309,2965
1329,01:44:23:490,0309,2965
1302,01:44:23:495,0309,2965
1274,01:44:23:500,0309,2965
1257,01:44:23:505,0309,2965
1219,01:44:23:510,0309,2965
1193,01:44:23:515,0309,2965
1165,01:44:23:520,0309,2965
1139,01:44:23:525,0309,2965
1109,01:44:23:530,0309,2965
1083,01:44:23:535,0309,2965
1054,01:44:23:540,0309,2965
1026,01:44:23:545,0309,2965
0991,01:44:23:550,0309,2965
0957,01:44:23:555,0309,2965
0928,01:44:23:560,0309,2965
0895,01:44:23:565,0309,2965
0855,01:44:23:570,0309,2965
0815,01:44:23:575,0309,2965
0780,01:44:23:580,0309,2965
0738,01:44:23:585,0309,2965
0697,01:44:23:590,0309,2965
0659,01:44:23:595,0309,2965
0623,01:44:23:600,0309,2965
0593,01:44:23:605,0309,2965
0564,01:44:23:610,0309,2965
0538,01:44:23:615,0309,2965
0517,01:44:23:620,0309,2965
0499,01:44:23:625,0309,2965
0478,01:44:23:630,0309,2965
0465,01:44:23:635,0309,2965
0461,01:44:23:640,0309,2965
0441,01:44:23:645,0309,2965
0427,01:44:23:650,0309,2965
0416,01:44:23:655,0309,2965
0403,01:44:23:660,0309,2965
0396,01:44:23:665,0309,2965
0374,01:44:23:670,0309,2965
0363,01:44:23:675,0309,2965
0355,01:44:23:680,0309,2965
0348,01:44:23:685,0309,2965
0345,01:44:23:690,0309,2965
0345,01:44:23:695,0309,2965
0356,01:44:23:700,0309,2965
0364,01:44:23:705,0309,2965
0375,01:44:23:710,0309,2965
0390,01:44:23:715,0309,2965
0406,01:44:23:720,0309,2965
0433,01:44:23:725,0309,2965
0451,01:44:23:730,0309,2965
0474,01:44:23:735,0309,2965
0491,01:44:23:740,0309,2965
0514,01:44:23:745,0309,2965
0535,01:44:23:750,0309,2965
0558,01:44:23:755,0309,2965
0585,01:44:23:760,0309,2965
0614,01:44:23:765,0309,2965
0637,01:44:23:770,0309,2965
0664,01:44:23:775,0309,2965
0690,01:44:23:780,0309,2965
0723,01:44:23:785,0309,2965
0749,01:44:23:790,0309,2965
0775,01:44:23:795,0309,2965
0801,01:44:23:800,0309,2965
0826,01:44:23:805,0309,2965
0850,01:44:23:810,0309,2965
0874,01:44:23:815,0309,2965
0896,01:44:23:820,0309,2965
0924,01:44:23:825,0309,2965
0946,01:44:23:830,0309,2965
0971,01:44:23:835,0309,2965
1000,01:44:23:840,0309,2965
1029,01:44:23:845,0309,2965
1055,01:44:23:850,0309,2965
1087,01:44:23:855,0309,2965
1119,01:44:23:860,0309,2965
1174,01:44:23:865,0309,2965
1208,01:44:23:870,0309,2965
1257,01:44:23:875,0309,2965
1318,01:44:23:880,0309,2965
1392,01:44:23:885,0309,2965
1471,01:44:23:890,0309,2965
1552,01:44:23:895,0309,2965
1651,01:44:23:900,0309,2965
1749,01:44:23:905,0309,2965
1850,01:44:23:910,0309,2965
1955,01:44:23:915,0309,2965
2067,01:44:23:920,0309,2965
2179,01:44:23:925,0309,2965
2283,01:44:23:930,0309,2965
2388,01:44:23:935,0309,2965
2486,01:44:23:940,0309,2965
2577,01:44:23:945,0309,0900
2653,01:44:23:950,0309,0900
2727,01:44:23:955,0309,0900
2788,01:44:23:960,0309,0900
2843,01:44:23:965,0309,0900
2883,01:44:23:970,0309,0900
2911,01:44:23:975,0309,0900
2934,01:44:23:980,0309,0900
2947,01:44:23:985,0309,0900
2949,01:44:23:990,0309,0900
2943,01:44:23:995,0309,0900
2934,01:44:24:000,0309,0900
2917,01:44:24:005,0309,0900
2898,01:44:24:010,0309,0900
2892,01:44:24:015,0309,0900
2852,01:44:24:020,0309,0900
2842,01:44:24:025,0309,0900
2814,01:44:24:030,0309,0900
2796,01:44:24:035,0309,0900
2778,01:44:24:040,0309,0900
2761,01:44:24:045,0309,0900
2746,01:44:24:050,0309,0900
2724,01:44:24:055,0309,0900
2707,01:44:24:060,0309,0900
2685,01:44:24:065,0309,0900
2664,01:44:24:070,0309,0900
2637,01:44:24:075,0309,0900
2620,01:44:24:080,0309,0900
2602,01:44:24:085,0309,0900
2576,01:44:24:090,0309,0900
2557,01:44:24:095,0309,0900
2541,01:44:24:100,0309,0900
2533,01:44:24:105,0309,0900
2535,01:44:24:110,0309,0900
2534,01:44:24:115,0309,0900
2559,01:44:24:120,0309,0900
2602,01:44:24:125,0309,0900
2651,01:44:24:130,0309,0900
2729,01:44:24:135,0309,0900
2839,01:44:24:140,0309,0900
2972,01:44:24:145,0309,0900
3110,01:44:24:150,0309,0900
3134,01:44:24:155,0309,0900
3135,01:44:24:160,0309,0900
3134,01:44:24:165,0309,0900
3135,01:44:24:170,0309,0900
3134,01:44:24:175,0309,0900
3134,01:44:24:180,0309,0900
3136,01:44:24:185,0309,0900
3137,01:44:24:190,0309,0900
3134,01:44:24:195,0309,0900
3134,01:44:24:200,0309,0900
3137,01:44:24:205,0309,0900
3136,01:44:24:210,0309,0900
3136,01:44:24:215,0309,0900
3136,01:44:24:220,0309,0900
3138,01:44:24:225,0309,0900
3142,01:44:24:230,0309,0900
3136,01:44:24:235,0309,0900
3136,01:44:24:240,0309,0900
3138,01:44:24:245,0309,0900
3135,01:44:24:250,0309,0900
3136,01:44:24:255,0309,0900
3138,01:44:24:260,0309,0900
3135,01:44:24:265,0309,0900
3137,01:44:24:270,0309,0900
3137,01:44:24:275,0309,0900
3138,01:44:24:280,0309,0900
3138,01:44:24:285,0309,0900
3138,01:44:24:290,0309,0900
3138,01:44:24:295,0309,0900
3138,01:44:24:300,0309,0900
3138,01:44:24:305,0309,0900
3136,01:44:24:310,0309,0900
3134,01:44:24:315,0309,0900
3134,01:44:24:320,0309,0900
3137,01:44:24:325,0309,0900
3138,01:44:24:330,0309,0900
3136,01:44:24:335,0309,0900
3138,01:44:24:340,0309,0900
3136,01:44:24:345,0309,0900
3135,01:44:24:350,0309,0900
3136,01:44:24:355,0309,0900
